[gd_scene load_steps=2 format=3 uid="uid://dq5kmwg3p6crb"]

[ext_resource type="PackedScene" uid="uid://dc06tdru055jt" path="res://scene/led_strip.tscn" id="1_wsi5u"]

[node name="lights" type="Node3D"]

[node name="DirectionalLight3D" type="DirectionalLight3D" parent="."]
transform = Transform3D(1, 0, 0, 0, 0.642788, 0.766044, 0, -0.766044, 0.642788, 0, 10.5, 7.7)
visible = false
light_color = Color(0.25098, 0.54902, 1, 1)
light_energy = 0.05
light_indirect_energy = 0.5
shadow_enabled = true
sky_mode = 1

[node name="DirectionalLight3D2" type="DirectionalLight3D" parent="."]
transform = Transform3D(-1, -6.69697e-08, 5.61943e-08, 0, 0.642788, 0.766044, -8.74228e-08, 0.766044, -0.642788, 0, 10.5, -9.3)
visible = false
light_color = Color(0.25098, 0.54902, 1, 1)
light_energy = 0.05
light_indirect_energy = 0.5
shadow_enabled = true
sky_mode = 1

[node name="DirectionalLight3D3" type="DirectionalLight3D" parent="."]
transform = Transform3D(-4.37114e-08, -0.766044, 0.642788, 0, 0.642788, 0.766044, -1, 3.34849e-08, -2.80971e-08, 8.5, 10.5, -0.8)
visible = false
light_color = Color(0.25098, 0.54902, 1, 1)
light_energy = 0.05
light_indirect_energy = 0.5
shadow_enabled = true
sky_mode = 1

[node name="DirectionalLight3D4" type="DirectionalLight3D" parent="."]
transform = Transform3D(-4.37114e-08, 0.766044, -0.642788, 0, 0.642788, 0.766044, 1, 3.34849e-08, -2.80971e-08, -8.5, 10.5, -0.799999)
visible = false
light_color = Color(0.25098, 0.54902, 1, 1)
light_energy = 0.05
light_indirect_energy = 0.5
shadow_enabled = true
sky_mode = 1

[node name="LEDStrip" parent="." instance=ExtResource("1_wsi5u")]
transform = Transform3D(1, 0, 0, 0, 1, 0, 0, 0, 1, 7.9912, 0.297862, -8.99062)
visible = true

[node name="LEDStrip2" parent="." instance=ExtResource("1_wsi5u")]
transform = Transform3D(1, 0, 0, 0, 1, 0, 0, 0, 1, 7.9912, 0.297862, 8.29073)
visible = true

[node name="LEDStrip3" parent="." instance=ExtResource("1_wsi5u")]
transform = Transform3D(1, 0, 0, 0, 1, 0, 0, 0, 1, -8.90993, 0.297862, -8.99062)
visible = true

[node name="LEDStrip4" parent="." instance=ExtResource("1_wsi5u")]
transform = Transform3D(1, 0, 0, 0, 1, 0, 0, 0, 1, -8.90993, 0.297862, 8.29073)
visible = true
