[gd_scene load_steps=3 format=3 uid="uid://dq5kmwg3p6crb"]

[ext_resource type="Script" uid="uid://7bmui8opcg52" path="res://scene/lights.gd" id="1_script"]
[ext_resource type="PackedScene" uid="uid://dc06tdru055jt" path="res://scene/led_strip.tscn" id="1_wsi5u"]

[node name="lights" type="Node3D"]
script = ExtResource("1_script")

[node name="DirectionalLight3D" type="DirectionalLight3D" parent="."]
transform = Transform3D(1, 0, 0, 0, 0.642788, 0.766044, 0, -0.766044, 0.642788, 0, 10.5, 7.7)
visible = false
light_color = Color(0.25098, 0.54902, 1, 1)
light_energy = 0.05
light_indirect_energy = 0.5
shadow_enabled = true
sky_mode = 1

[node name="DirectionalLight3D2" type="DirectionalLight3D" parent="."]
transform = Transform3D(-1, -6.69697e-08, 5.61943e-08, 0, 0.642788, 0.766044, -8.74228e-08, 0.766044, -0.642788, 0, 10.5, -9.3)
visible = false
light_color = Color(0.25098, 0.54902, 1, 1)
light_energy = 0.05
light_indirect_energy = 0.5
shadow_enabled = true
sky_mode = 1

[node name="DirectionalLight3D3" type="DirectionalLight3D" parent="."]
transform = Transform3D(-4.37114e-08, -0.766044, 0.642788, 0, 0.642788, 0.766044, -1, 3.34849e-08, -2.80971e-08, 8.5, 10.5, -0.8)
visible = false
light_color = Color(0.25098, 0.54902, 1, 1)
light_energy = 0.05
light_indirect_energy = 0.5
shadow_enabled = true
sky_mode = 1

[node name="DirectionalLight3D4" type="DirectionalLight3D" parent="."]
transform = Transform3D(-4.37114e-08, 0.766044, -0.642788, 0, 0.642788, 0.766044, 1, 3.34849e-08, -2.80971e-08, -8.5, 10.5, -0.799999)
visible = false
light_color = Color(0.25098, 0.54902, 1, 1)
light_energy = 0.05
light_indirect_energy = 0.5
shadow_enabled = true
sky_mode = 1

[node name="sides" type="Node3D" parent="."]

[node name="LEDStrip5" parent="sides" instance=ExtResource("1_wsi5u")]
transform = Transform3D(0.984829, 0, 0, 0, 1, 0, 0, 0, 0.443365, 0, 4, -8)
visible = true

[node name="LEDStrip6" parent="sides" instance=ExtResource("1_wsi5u")]
transform = Transform3D(0, 0, 0.443365, 0, 1, 0, -0.984829, 0, 0, 8, 4, 0)
visible = true

[node name="LEDStrip7" parent="sides" instance=ExtResource("1_wsi5u")]
transform = Transform3D(0, 0, 0.443365, 0, 1, 0, -0.984829, 0, 0, -8, 4, 0)
visible = true

[node name="LEDStrip8" parent="sides" instance=ExtResource("1_wsi5u")]
transform = Transform3D(0.984829, 0, 0, 0, 1, 0, 0, 0, 0.443365, 0, 4, 8)
visible = true

[node name="corners" type="Node3D" parent="."]
transform = Transform3D(1, 0, 0, 0, 1, 0, 0, 0, 1, 0, 4, 0)

[node name="LEDStrip" parent="corners" instance=ExtResource("1_wsi5u")]
transform = Transform3D(0.707107, 0, -0.707107, 0, 1, 0, 0.707107, 0, 0.707107, 8, 0.25, -8)
visible = true

[node name="LEDStrip2" parent="corners" instance=ExtResource("1_wsi5u")]
transform = Transform3D(0.707107, 0, 0.707107, 0, 1, 0, -0.707107, 0, 0.707107, 8, 0.25, 8)
visible = true

[node name="LEDStrip3" parent="corners" instance=ExtResource("1_wsi5u")]
transform = Transform3D(-0.707107, 0, -0.707107, 0, 1, 0, 0.707107, 0, -0.707107, -8, 0.25, -8)
visible = true

[node name="LEDStrip4" parent="corners" instance=ExtResource("1_wsi5u")]
transform = Transform3D(-0.707107, 0, 0.707107, 0, 1, 0, -0.707107, 0, -0.707107, -8, 0.25, 8)
visible = true
